51 54 57 60 61 64 67 64
54 56 57 58 60 60
41 44 45 46 48 50 54
62 64 67 69 72 79
57 58 61 62 63 61 64
69 70 71 73 74 74 76
77 75 76 77 80 83 85 88
27 27 30 33 34
23 27 28 31 34 37 39 42
82 87 88 91 94 95
23 20 18 16 14 11 9 11
36 33 31 30 28 26 24 24
93 92 90 89 87 84 80
46 44 41 40 39 37 35 30
58 56 54 51 53 49
50 47 46 46 45 42 39
20 18 15 11 12
61 59 58 52 55
75 76 75 73 72 71
7 10 8 10 11
67 67 64 63 62 59 58
88 84 83 82 80 78
81 75 73 71 69 67 65
72 67 70 67 65
9 12 14 17 19 21 19
9 10 11 14 16 19 21 21
26 27 28 31 33 37
70 71 72 73 75 78 81 87
88 90 90 91 94
56 54 57 59 61 62 63 64
29 28 29 27 25
48 48 49 51 52 54
63 67 68 70 73 74 76 79
41 47 50 53 56 58 60 63
34 32 31 30 29 27 30
91 89 86 84 81 81
74 72 71 68 64
15 12 11 9 8 3
29 28 27 25 26 25 22 20
49 46 45 45 44 43
90 91 88 86 84 83 82
41 41 38 36 34
43 39 36 34 33
30 26 27 26 23
27 22 19 18 16 15
17 20 22 23 22
67 69 70 73 73
52 53 56 59 62 66
18 20 21 22 25 28 30 35
7 8 11 9 12 14
34 36 36 39 41
58 57 60 61 62 64 65 66
86 83 80 82 79
15 15 17 18 20 22 24
3 7 8 11 14 15
45 50 51 53 56 57 59 61
31 29 27 26 23 20 19 21
62 60 58 56 55 53 53
89 87 85 83 79
44 42 39 36 33 32 26
29 27 25 25 24
39 36 34 30 31
11 14 12 10 8
68 68 67 64 62 60
56 52 51 49 48 46
21 14 12 10 9 6 4
32 36 39 42 44 46 47 48
78 75 77 80 81 82
81 82 81 84 85
35 33 32 31 30 27
25 26 28 31 32 35 37
41 40 37 36 35 33
64 65 68 69 70
16 18 20 21 24 25 26
48 49 50 51 53
14 13 12 10 7 6 5
52 50 47 44 43 40 37 36
50 51 53 54 55 57
7 10 13 15 17 19 22 25
99 98 97 94 93
55 54 52 50 49 48 47 45
53 56 59 60 63 65 67 68
82 80 77 76 73 70
79 78 75 74 71 70 69 67
89 86 84 81 79
13 14 17 20 22 25 28 31
91 88 86 83 80 78 75 74
99 98 95 93 91 89
56 53 52 49 46
52 53 55 56 57 58 60 62
38 39 42 43 45 46
79 82 83 86 88 90
74 75 78 81 83 84 86 87
92 90 87 85 82 81 78
55 52 50 48 45 43
79 82 84 87 88
67 65 64 62 59 57
86 88 89 90 92 95
32 31 28 25 22
49 51 52 53 54 56 59
19 20 22 24 27 30
65 62 60 57 54 53 50
43 41 40 39 36 35
15 18 20 21 24
99 96 94 92 89
42 45 46 48 50 52 55 57
97 95 93 90 88
44 45 46 49 50 51 53 54
87 85 82 79 78 75 73 70
92 90 89 87 86 85
32 33 35 37 38 39
47 49 52 54 56 57 59
90 88 85 82 79
78 75 74 72 71 70 69 67
71 69 68 67 64 63
71 70 68 67 65 63
52 54 56 57 58 61
40 37 35 32 29 28 26 25
41 43 44 45 46 47 49
65 64 62 60 57 54
34 31 30 28 26 25
48 45 44 41 39 36 35
56 59 61 63 64 66 69 70
56 53 51 48 47
33 36 39 40 42 43 45 46
56 55 54 52 50 47
58 61 63 65 68 69
75 77 78 79 80
17 18 21 24 26
28 31 34 35 36 39 41 43
58 56 53 52 50 48 46 43
35 32 30 27 25
34 36 37 39 40 43
22 20 17 16 15 12
10 13 15 17 20 22
95 94 93 90 88 86 84
52 49 47 46 45 42 40 37
13 14 17 20 22 24
34 33 32 30 27
15 13 10 9 6 3 2 1
5 7 8 11 13 14
31 29 26 24 22 21 18 17
40 43 45 48 51
25 24 23 21 20 19 17 16
65 68 70 72 73 76
56 58 59 61 64
12 13 14 17 20 21 23
76 74 72 70 67
22 23 26 27 28 30 32
63 60 57 55 54
37 40 43 45 48 49 52
89 91 94 96 97 98 99
70 73 74 77 80 83 85
41 38 36 35 33 30
55 57 59 62 65 66 69 70
32 31 29 27 26 23 20
54 51 49 48 46 45 42
24 21 20 18 17 15 13
74 75 76 78 79
7 10 11 14 16
62 60 57 54 53
32 35 36 39 42 43 44 47
53 50 47 46 44 42 40 39
69 68 65 64 63
70 68 66 63 62
31 32 35 36 38 40 42
23 21 20 19 16 15 13 11
96 94 91 90 89 87
24 23 21 20 18 16 13
62 59 58 55 53
38 39 40 43 45 46 47
51 48 45 44 43 42 40
71 72 74 75 78 80
32 29 28 25 23 20 19 17
71 69 66 63 60
45 43 40 37 36 34 32
22 24 25 26 28
87 89 90 91 93 94 95
39 36 34 31 28 26
86 83 80 78 77 74 72 70
1 3 5 6 7
66 63 61 59 56
20 19 16 14 11 9 6 5
72 70 69 66 64 63 62
61 63 64 66 68
32 31 29 27 25 24 21
74 73 71 68 67 65
29 28 26 23 20 18
20 17 16 14 11
81 80 78 76 75 72
53 55 58 60 62 65 67
20 18 15 13 12 9 7
27 30 33 35 38
38 41 44 47 48 49 52 54
62 65 66 68 70 73 74
8 11 13 15 18 20 21
50 47 44 43 42
84 83 82 80 77 74 72 71
70 67 65 62 59
27 25 23 22 21 20 17 15
3 4 5 6 9
47 50 52 55 56 58 60 63
91 90 88 86 84
8 10 11 13 14
86 87 90 92 94 96 98 99
44 42 40 37 34 31 29
19 18 17 14 13 12
23 25 28 31 34 35 37 40
45 46 49 50 52 53
84 87 90 92 94
1 3 4 6 9
21 19 17 16 14 11
68 66 64 62 61
61 64 65 67 69 72 75 77
67 65 62 61 60
67 66 63 60 58 56 54
83 84 86 88 90
15 17 18 20 21 22 23
61 63 64 65 68 69 70 71
85 86 88 89 91 93 96
92 95 96 97 99
13 16 18 19 20 22 24
84 85 88 91 92 94 97
9 11 13 16 18 20 22 23
65 67 69 70 72 75
67 66 65 64 63 60
79 77 74 73 72 71 70
23 21 20 19 16 15 12
70 68 66 65 62
75 77 79 80 81 82 84 87
88 87 86 84 81 79 77 74
7 10 11 13 14
57 60 61 63 66 69 71 74
58 55 54 51 50 47 44 43
82 81 78 76 73 72 69 67
36 34 33 32 29
80 82 83 86 89 90 92
73 76 78 80 83 85 88
97 94 91 89 88 86
14 17 20 23 26 29 31 32
81 80 78 76 73 71 70 69
53 52 51 50 47 46
41 44 47 50 51
18 15 13 12 9 7 5
31 34 36 37 38
94 91 88 86 84 82 80 79
19 22 25 28 31 34
15 18 20 22 23 25 26
27 24 21 19 16 14
51 49 47 44 41 39
70 68 65 64 61 60
82 81 78 77 76 73 72 71
36 37 39 42 44 45 47
30 32 33 35 37 40 43 46
76 74 71 69 66 65
52 51 50 48 46 43 41
93 92 90 89 86
64 63 61 59 56
30 31 33 36 38
20 17 14 13 11 8 5 4
27 26 24 22 21 18
31 30 29 28 26 25 22
35 38 39 40 42
41 42 45 48 50 53
88 91 92 94 97
66 68 69 72 74 75 76 79
24 26 27 30 31
65 62 60 58 56 53 52
61 63 66 69 71
75 72 71 69 66
39 41 43 46 47 50 51
99 98 96 95 92 89
75 72 71 69 68
98 95 93 92 91 90 87
48 45 44 41 40 37
37 35 34 31 30 29 26
58 59 61 63 66
45 47 48 49 51 54
40 42 45 48 49 52
63 65 68 70 71 72 74
52 50 49 47 46
30 31 33 34 36 39 40
53 50 47 44 43 42 41 39
21 18 17 15 14 12 10 9
57 60 62 63 64 66
36 39 41 44 45 46 47 49
74 77 80 81 84 87 90
83 84 87 88 89 91 92 94
73 71 68 67 66 64 61 60
18 20 23 24 26 28 31
89 87 85 82 81 80 77
95 93 91 88 87 85
48 49 52 55 57 58 60 62